10.00 100.00 20 20 500.00 20
1500.00 1500.00 1500.00 1500.00 1500.00 1500.00 1500.00 1500.00 1500.00 1500.00 1500.00 1500.00 1500.00 1500.00 1500.00 1500.00 1500.00 1500.00 1500.00 1500.00 1500.00 1500.00 1500.00 1500.00 1500.00 1500.00 1500.00 1500.00 1500.00 1500.00 1500.00 1500.00 1500.00 1500.00 1500.00 1500.00 1500.00 1500.00 1500.00 1500.00 
1500.00 1500.00 1500.00 1500.00 1500.00 1500.00 1500.00 1500.00 1500.00 1500.00 1500.00 1500.00 1500.00 1500.00 1500.00 1500.00 1500.00 1500.00 1500.00 1500.00 1495.00 1495.00 1495.00 1495.00 1495.00 1495.00 1495.00 1495.00 1495.00 1495.00 1495.00 1495.00 1495.00 1495.00 1495.00 1495.00 1495.00 1495.00 1495.00 1495.00 
1500.00 1500.00 1500.00 1500.00 1500.00 1500.00 1500.00 1500.00 1500.00 1500.00 1500.00 1500.00 1500.00 1500.00 1500.00 1500.00 1500.00 1500.00 1500.00 1500.00 1490.00 1490.00 1490.00 1490.00 1490.00 1490.00 1490.00 1490.00 1490.00 1490.00 1490.00 1490.00 1490.00 1490.00 1490.00 1490.00 1490.00 1490.00 1490.00 1490.00 
1500.00 1500.00 1500.00 1500.00 1500.00 1500.00 1500.00 1500.00 1500.00 1500.00 1500.00 1500.00 1500.00 1500.00 1500.00 1500.00 1500.00 1500.00 1500.00 1500.00 1485.00 1485.00 1485.00 1485.00 1485.00 1485.00 1485.00 1485.00 1485.00 1485.00 1485.00 1485.00 1485.00 1485.00 1485.00 1485.00 1485.00 1485.00 1485.00 1485.00 
1500.00 1500.00 1500.00 1500.00 1500.00 1500.00 1500.00 1500.00 1500.00 1500.00 1500.00 1500.00 1500.00 1500.00 1500.00 1500.00 1500.00 1500.00 1500.00 1500.00 1480.00 1480.00 1480.00 1480.00 1480.00 1480.00 1480.00 1480.00 1480.00 1480.00 1480.00 1480.00 1480.00 1480.00 1480.00 1480.00 1480.00 1480.00 1480.00 1480.00 
1500.00 1500.00 1500.00 1500.00 1500.00 1500.00 1500.00 1500.00 1500.00 1500.00 1500.00 1500.00 1500.00 1500.00 1500.00 1500.00 1500.00 1500.00 1500.00 1500.00 1475.00 1475.00 1475.00 1475.00 1475.00 1475.00 1475.00 1475.00 1475.00 1475.00 1475.00 1475.00 1475.00 1475.00 1475.00 1475.00 1475.00 1475.00 1475.00 1475.00 
1500.00 1500.00 1500.00 1500.00 1500.00 1500.00 1500.00 1500.00 1500.00 1500.00 1500.00 1500.00 1500.00 1500.00 1500.00 1500.00 1500.00 1500.00 1500.00 1500.00 1470.00 1470.00 1470.00 1470.00 1470.00 1470.00 1470.00 1470.00 1470.00 1470.00 1470.00 1470.00 1470.00 1470.00 1470.00 1470.00 1470.00 1470.00 1470.00 1470.00 
1500.00 1500.00 1500.00 1500.00 1500.00 1500.00 1500.00 1500.00 1500.00 1500.00 1500.00 1500.00 1500.00 1500.00 1500.00 1500.00 1500.00 1500.00 1500.00 1500.00 1465.00 1465.00 1465.00 1465.00 1465.00 1465.00 1465.00 1465.00 1465.00 1465.00 1465.00 1465.00 1465.00 1465.00 1465.00 1465.00 1465.00 1465.00 1465.00 1465.00 
1500.00 1500.00 1500.00 1500.00 1500.00 1500.00 1500.00 1500.00 1500.00 1500.00 1500.00 1500.00 1500.00 1500.00 1500.00 1500.00 1500.00 1500.00 1500.00 1500.00 1460.00 1460.00 1460.00 1460.00 1460.00 1460.00 1460.00 1460.00 1460.00 1460.00 1460.00 1460.00 1460.00 1460.00 1460.00 1460.00 1460.00 1460.00 1460.00 1460.00 
1500.00 1500.00 1500.00 1500.00 1500.00 1500.00 1500.00 1500.00 1500.00 1500.00 1500.00 1500.00 1500.00 1500.00 1500.00 1500.00 1500.00 1500.00 1500.00 1500.00 1455.00 1455.00 1455.00 1455.00 1455.00 1455.00 1455.00 1455.00 1455.00 1455.00 1455.00 1455.00 1455.00 1455.00 1455.00 1455.00 1455.00 1455.00 1455.00 1455.00 
1500.00 1500.00 1500.00 1500.00 1500.00 1500.00 1500.00 1500.00 1500.00 1500.00 1500.00 1500.00 1500.00 1500.00 1500.00 1500.00 1500.00 1500.00 1500.00 1500.00 1450.00 1450.00 1450.00 1450.00 1450.00 1450.00 1450.00 1450.00 1450.00 1450.00 1450.00 1450.00 1450.00 1450.00 1450.00 1450.00 1450.00 1450.00 1450.00 1450.00 
1500.00 1500.00 1500.00 1500.00 1500.00 1500.00 1500.00 1500.00 1500.00 1500.00 1500.00 1500.00 1500.00 1500.00 1500.00 1500.00 1500.00 1500.00 1500.00 1500.00 1445.00 1445.00 1445.00 1445.00 1445.00 1445.00 1445.00 1445.00 1445.00 1445.00 1445.00 1445.00 1445.00 1445.00 1445.00 1445.00 1445.00 1445.00 1445.00 1445.00 
1500.00 1500.00 1500.00 1500.00 1500.00 1500.00 1500.00 1500.00 1500.00 1500.00 1500.00 1500.00 1500.00 1500.00 1500.00 1500.00 1500.00 1500.00 1500.00 1500.00 1440.00 1440.00 1440.00 1440.00 1440.00 1440.00 1440.00 1440.00 1440.00 1440.00 1440.00 1440.00 1440.00 1440.00 1440.00 1440.00 1440.00 1440.00 1440.00 1440.00 
1500.00 1500.00 1500.00 1500.00 1500.00 1500.00 1500.00 1500.00 1500.00 1500.00 1500.00 1500.00 1500.00 1500.00 1500.00 1500.00 1500.00 1500.00 1500.00 1500.00 1435.00 1435.00 1435.00 1435.00 1435.00 1435.00 1435.00 1435.00 1435.00 1435.00 1435.00 1435.00 1435.00 1435.00 1435.00 1435.00 1435.00 1435.00 1435.00 1435.00 
1500.00 1500.00 1500.00 1500.00 1500.00 1500.00 1500.00 1500.00 1500.00 1500.00 1500.00 1500.00 1500.00 1500.00 1500.00 1500.00 1500.00 1500.00 1500.00 1500.00 1430.00 1430.00 1430.00 1430.00 1430.00 1430.00 1430.00 1430.00 1430.00 1430.00 1430.00 1430.00 1430.00 1430.00 1430.00 1430.00 1430.00 1430.00 1430.00 1430.00 
1500.00 1500.00 1500.00 1500.00 1500.00 1500.00 1500.00 1500.00 1500.00 1500.00 1500.00 1500.00 1500.00 1500.00 1500.00 1500.00 1500.00 1500.00 1500.00 1500.00 1425.00 1425.00 1425.00 1425.00 1425.00 1425.00 1425.00 1425.00 1425.00 1425.00 1425.00 1425.00 1425.00 1425.00 1425.00 1425.00 1425.00 1425.00 1425.00 1425.00 
1500.00 1500.00 1500.00 1500.00 1500.00 1500.00 1500.00 1500.00 1500.00 1500.00 1500.00 1500.00 1500.00 1500.00 1500.00 1500.00 1500.00 1500.00 1500.00 1500.00 1420.00 1420.00 1420.00 1420.00 1420.00 1420.00 1420.00 1420.00 1420.00 1420.00 1420.00 1420.00 1420.00 1420.00 1420.00 1420.00 1420.00 1420.00 1420.00 1420.00 
1500.00 1500.00 1500.00 1500.00 1500.00 1500.00 1500.00 1500.00 1500.00 1500.00 1500.00 1500.00 1500.00 1500.00 1500.00 1500.00 1500.00 1500.00 1500.00 1500.00 1415.00 1415.00 1415.00 1415.00 1415.00 1415.00 1415.00 1415.00 1415.00 1415.00 1415.00 1415.00 1415.00 1415.00 1415.00 1415.00 1415.00 1415.00 1415.00 1415.00 
1500.00 1500.00 1500.00 1500.00 1500.00 1500.00 1500.00 1500.00 1500.00 1500.00 1500.00 1500.00 1500.00 1500.00 1500.00 1500.00 1500.00 1500.00 1500.00 1500.00 1410.00 1410.00 1410.00 1410.00 1410.00 1410.00 1410.00 1410.00 1410.00 1410.00 1410.00 1410.00 1410.00 1410.00 1410.00 1410.00 1410.00 1410.00 1410.00 1410.00 
1500.00 1500.00 1500.00 1500.00 1500.00 1500.00 1500.00 1500.00 1500.00 1500.00 1500.00 1500.00 1500.00 1500.00 1500.00 1500.00 1500.00 1500.00 1500.00 1500.00 1405.00 1405.00 1405.00 1405.00 1405.00 1405.00 1405.00 1405.00 1405.00 1405.00 1405.00 1405.00 1405.00 1405.00 1405.00 1405.00 1405.00 1405.00 1405.00 1405.00 
